1193
661
914
3408
2355
1197
1287
2804
594
919
595
938
2398
2918
1035
2791
2687
2018
3105
2797
2321
720
1270
527
2340
48
1097
1721
1545
745
2294
3186
1566
588
1907
783
1836
1022
2762
150
1
1961
1962
2692
260
1028
1029
1207
2028
531
3114
608
1246
1357
3068
1537
647
2194
648
2268
2628
1103
2916
3468
1210
1792
1687
1213
3578
2881
3030
1217
434
2126
3107
3108
3035
1253
1610
292
2236
3071
902
368
1259
3147
1544
1293
1188
3255
3256
3257
110
2278
2490
1834
3471
589
1690
3654
2852
1945
982
1873
2858
1225
515
442
2312
265
1408
1084
3699
480
1442
2067
1265
1370
1801
1372
2353
3334
2427
590
1196
1552
736
1198
593
2359
95
2717
2571
1917
2396
3735
1953
1597
3809
1954
1955
235
1124
1957
163
21
165
1090
380
2501
349
457
1096
920
459
1527
3418
1385
3451
3095
780
498
2728
2002
1784
2943
2006
318
1968
3678
1244
356
1245
3893
1247
2951
1214
1036
3702
2366
1387
3527
1201
2947
1240
2987
2333
1175
39
288
2337
1535
1392
1466
860
1683
866
1684
2770
215
1759
501
506
1250
3793
509
41
2058
3799
2997
47
2700
296
581
1617
728
299
3079
2560
1909
224
3728
229
6
3006
1046
800
50
52
1191
1192
733
3081
377
1268
3083
3513
2428
2282
3514
1554
1912
2716
1485
2289
162
1127
3016
2070
1704
3163
2437
2291
1635
1279
2721
2723
1921
2725
1923
2580
3386
3744
968
896
3020
1788
176
461
1429
2159
1715
1643
3249
3176
1719
2806
2734
1649
321
2013
3100
2952
1794
2599
1500
2959
1509
1722
1650
908
1580
1653
2384
1729
3476
2890
3113
16
2029
194
551
1513
3046
2318
1517
1089
3260
913
1730
3409
2607
1449
1732
1733
2390
1734
3266
3267
3624
2395
1594
2683
412
2759
994
1884
1885
272
24
3051
348
2323
1093
29
562
1095
1529
2188
497
202
1747
2908
1966
3499
353
32
1243
1897
1171
3786
34
357
36
714
2336
3425
1393
1682
508
3213
42
650
3500
3148
2702
1476
1693
151
510
4
1621
3155
58
2712
2429
1840
1916
1488
230
1120
161
1411
524
1059
454
1701
1274
741
1277
1639
3528
2297
465
1711
538
393
2442
73
3246
3173
1573
105
253
3250
3252
476
111
3259
1589
2023
14
337
266
17
2314
2600
269
555
1660
3265
1735
3481
2686
2688
345
2320
25
2324
2329
1810
2541
1673
1678
1027
2699
282
2622
3358
3359
1756
1320
2124
2125
2054
1252
3868
1254
3869
1256
1257
3501
653
1831
3363
586
587
3438
3439
3296
223
2496
2497
2
2498
153
7
2133
2135
3948
2136
2137
802
2138
1409
1339
1269
2640
592
596
3447
597
1918
2140
2072
1271
1345
2077
2078
1276
743
671
1278
3525
1927
2657
3388
316
317
248
2080
2081
2082
1282
1356
1283
750
2087
1286
3608
2662
3466
2300
180
2302
329
3034
186
2161
3037
2090
3039
2091
830
2093
1291
904
2094
1292
2096
1294
765
2746
1009
1947
1948
333
339
2316
1441
1371
2174
912
1374
1375
915
1376
1377
916
918
1012
2826
3629
1015
1016
1019
3489
1959
344
275
2252
277
1380
923
924
3701
3703
926
3704
1020
784
858
1023
1025
2693
1967
351
2405
2407
3066
2193
932
1394
1101
1030
1031
1104
1032
435
364
367
3072
943
3723
1042
370
2423
3153
2424
3086
3087
953
954
3591
2863
3593
1125
520
3668
2795
1129
2431
62
3309
1633
2436
3097
3099
3812
2000
963
2001
1200
2003
3671
1203
2005
1204
969
2872
3675
2946
898
2009
2874
899
1135
2948
1136
539
2371
3247
3174
3175
2375
104
2378
971
2011
3751
2012
2015
1215
1073
3688
541
542
1148
543
1079
3254
2453
2529
1654
1583
1584
3189
116
1586
2021
1220
1221
1223
1080
2967
2968
1088
2530
3264
3194
2393
3198
2100
2399
1302
1230
2105
1304
2033
1233
2108
1234
1307
2109
1091
2470
2617
3347
203
1676
208
2111
2040
2041
2115
3928
2043
2045
2046
2047
2049
1753
216
2706
2639
2710
663
3448
231
1777
2076
246
249
1358
1288
3396
3101
2598
2306
764
3552
778
342
1887
2325
3129
2907
788
2766
2335
1461
3146
1546
440
441
3160
2507
1563
1498
3178
3755
2883
3182
85
88
986
481
2539
1665
2106
708
3362
813
3897
934
3658
1641
1303
999
2616
3785
1331
1262
2641
3036
3479
10
1446
2822
3494
421
3070
2414
1479
1049
517
952
60
3745
2871
2370
1216
2528
1587
552
3269
3417
3421
3354
2485
141
3798
2707
2567
3298
3004
3005
805
3510
300
2719
160
1343
748
2724
2581
1783
1422
3534
3461
3535
257
832
762
2676
3623
1883
2763
3566
2764
2694
1892
1608
1396
2840
2841
3717
3646
500
3145
1615
2272
2273
1619
1625
1487
3301
1702
2506
2433
70
1644
1645
3753
2882
2387
2389
2961
553
628
3261
2605
1804
1805
2391
2394
3773
1092
1672
2555
2629
2701
2568
2713
1911
3516
2643
2572
2720
2722
2805
2828
2761
2856
2369
2888
2392
2975
1179
2553
2554
3932
3863
1185
3503
3879
3375
1779
164
3457
319
247
1428
1284
2660
2661
2663
2664
2667
2668
3032
3033
2311
2173
198
2752
3484
340
3700
2901
3638
30
428
1601
3713
2912
3576
503
293
1614
2346
942
446
1624
3156
2287
2288
3662
3594
3300
1997
529
1206
1069
76
2377
2010
3827
610
1077
2526
2527
2454
2455
3696
2533
1301
707
2613
2542
496
2549
1748
3927
2116
2117
2985
2989
1688
2123
2052
2993
1186
222
158
3877
2139
3440
737
2718
2573
302
232
2141
2142
168
2143
2145
1344
3889
1275
3526
313
2153
2083
2085
2089
2807
2735
2739
3397
3398
3399
327
2167
1367
838
839
1005
405
1876
261
262
2248
1378
1379
1013
1882
1956
26
2253
3705
3633
3635
1960
3639
2402
2404
1606
1391
1033
291
44
2348
940
2421
2422
1126
1562
1499
1064
532
466
2373
2014
2953
2019
616
546
2450
475
86
2020
2025
2893
3698
485
1591
1739
3911
1094
493
2042
1242
3930
1321
2990
2991
1327
1258
2633
2638
1407
1334
1261
2064
2644
2646
2647
2574
1772
2648
2649
1340
2653
1350
2160
1431
330
1373
842
785
2836
420
3208
2338
2195
1974
879
2782
1982
2789
3082
2860
2790
3596
1994
2502
2367
2296
2004
2949
1717
2376
3752
1219
3325
1655
2103
2976
3273
585
3000
2800
3053
3268
3774
3355
1754
145
1689
2122
2134
1405
3017
1347
818
3450
678
312
173
2150
1425
3896
1799
256
185
2163
1438
833
2671
910
2249
771
849
3120
3052
2189
786
429
2406
2263
2265
1034
798
799
1037
3210
2413
2416
1047
3660
3661
2792
1991
2794
65
1205
3243
2374
3826
473
474
81
3253
3258
112
3835
1222
3917
2478
3424
3361
2132
1263
303
2144
175
2301
3104
1296
2243
2245
2757
1958
3707
1965
425
2915
372
2352
1057
1569
468
3685
1663
1674
2709
157
1920
688
3676
1248
1180
3435
3364
2066
1267
3469
905
922
2186
930
947
951
3730
955
528
3683
2973
1237
2550
3366
3370
1785
3102
2403
3062
3726
2363
3740
2944
3836
3769
1085
3405
2534
3197
494
1176
3943
3949
1922
3554
1041
1657
2966
2544
3507
2208
2065
3012
3524
3022
3028
1281
3462
1937
901
1297
2747
11
3040
921
3200
933
3640
1976
946
2922
2780
3088
957
2935
2936
3096
961
2870
3244
3690
1235
3341
3349
1249
3429
3286
3556
28
3159
1208
3821
3787
1680
3935
1183
3504
3505
1189
2637
2565
154
1699
2206
1333
1266
3018
3019
2071
1272
1348
2650
2303
903
1295
907
1299
3546
2817
2674
1946
3110
3111
2313
3044
2176
2178
3551
1017
3121
2183
927
3498
3203
3204
1464
931
431
2779
2344
2921
949
3727
2926
3587
3152
3733
2932
2867
3599
3230
3167
3168
3169
3098
2941
1130
1061
3681
3682
2459
3760
3693
1152
1227
1086
2467
1300
3844
1231
3340
2612
565
3271
569
2118
2983
2558
1835
236
3387
1285
3536
837
1888
1381
1895
2261
3712
1100
1541
3219
3597
2796
455
2432
605
2379
2380
2382
2383
550
2469
2471
1251
3508
2708
1760
3365
155
3871
803
1264
3512
2575
1419
824
2088
2731
2732
3467
2238
2239
3473
3549
1949
2171
911
2682
3567
1964
3060
2331
3061
863
2919
3649
3074
945
3725
948
3584
2420
3091
965
2942
3320
1078
2385
3831
1081
2969
123
1162
2611
2474
3852
1172
3788
2059
1353
691
2677
13
779
1894
1463
361
46
1620
381
64
74
92
1593
490
2202
3441
3519
674
2669
258
2815
2816
2748
3628
3643
2430
897
976
2524
3406
2537
3196
3412
1658
2546
3937
2642
1924
172
196
1518
3555
2681
2408
379
3802
880
3807
66
3758
2520
2456
3763
1590
3770
2034
3780
2986
3011
2097
3612
1952
2846
1983
1984
1985
1986
891
2875
107
2017
3251
2460
2461
2462
3771
2107
2110
719
1821
3284
140
144
218
3436
2491
2492
3
2205
3873
3874
804
1914
305
237
1414
2146
1782
2155
753
2738
252
900
2168
3540
909
3614
3543
697
1875
2241
195
3045
2247
1014
2829
1018
276
1453
852
928
1600
355
35
2262
287
289
1390
2339
2266
1398
937
2849
2415
2417
3076
1043
371
447
2426
378
2356
1632
2292
3814
2443
469
3248
1571
3684
2884
118
1226
1083
489
2468
1666
2037
633
492
566
2473
205
1677
3280
3939
847
1969
1102
1970
1971
1972
1973
1975
1977
1978
1979
366
1980
1981
3677
2523
575
2050
2053
5
599
673
2152
1359
829
835
836
1526
1457
1459
2401
1602
2334
2409
2410
2411
2412
3142
1616
1474
1703
3404
2531
2532
991
996
3270
1752
1833
1762
1694
234
239
170
1931
1797
3615
1007
1944
3477
336
15
267
19
1010
1011
3483
2827
410
413
346
419
1021
350
423
280
360
2857
513
514
516
518
374
54
376
450
453
383
1060
533
534
2950
2016
2965
486
1310
3926
159
3452
1054
3741
89
556
3861
3509
3390
3616
23
3565
2007
1337
2500
3617
3618
3553
3952
886
3274
511
3697
93
3916
1177
571
718
2120
1184
724
580
1190
735
1199
1342
1417
2148
2154
1352
1280
2232
2162
2165
1290
1365
766
694
2315
846
2322
1522
2328
1603
3063
2264
3067
1609
1395
1611
3078
2349
1623
3157
1480
1627
1556
1483
950
3307
3092
893
2517
100
2447
3179
1648
3326
1726
2606
126
3342
1816
3285
1686
148
3437
1769
1913
1845
1848
233
307
309
242
177
3600
2802
3605
3464
2808
1861
3393
322
326
184
259
188
3478
190
193
18
268
199
3620
3550
2750
1950
3557
341
415
22
3708
427
281
358
3571
432
436
290
365
45
2851
2781
2787
519
448
55
1051
2793
521
522
382
456
3747
1211
1212
2956
611
3686
1218
617
3764
482
94
3918
3919
1305
2038
561
2112
2114
1173
3864
2057
3024
1298
695
2184
2364
2365
3328
2463
2615
1862
2744
3663
3664
392
471
1224
2891
3923
1311
113
1731
2583
3882
3238
3316
3190
3511
3564
3743
3908
3784
3007
2310
3115
2505
1707
166
2596
2672
2678
2772
1416
2913
9
2803
1919
637
973
1939
2929
3112
3069
1926
3548
2690
1209
2995
43
2979
1432
1187
3124
82
8
692
2170
2196
861
2448
990
2625
3444
240
1858
1004
2879
464
3767
3768
704
869
2357
1963
1066
615
2771
1131
536
40
2873
2024
1588
1178
1260
3093
978
2924
69
3811
3742
1228
2971
1099
3185
451
2519
2861
558
941
3317
3324
3299
3825
3914
3859
754
3118
1582
362
609
583
2157
826
2347
3384
438
1112
3672
390
2927
2073
2418
2788
1238
667
3054
1388
1599
2476
204
1681
2818
502
3933
1349
3837
1542
2203
3870
2204
2210
1507
906
3201
936
944
959
1596
1929
1934
1935
1936
1938
1940
3545
2904
3724
3736
2937
2899
2535
3936
3946
71
3841
3029
1515
2212
2181
929
960
1661
1925
1942
2819
2917
1147
1167
3929
3938
3521
3913
3925
2098
2231
2280
1860
254
477
3883
3895
3327
2147
2099
2259
2354
3400
3287
2566
2540
3537
1995
2121
1322
1326
1328
1329
3941
3942
3013
2149
2092
2327
3138
2368
2515
2451
2525
3403
3360
2634
2635
2645
2652
2736
2665
324
251
328
332
407
12
3480
1951
273
3491
3659
1987
1988
3806
1992
1128
1993
1996
1999
2877
2878
606
3754
2026
3694
3840
3843
2104
3921
2113
2119
3783
3934
742
3791
3792
3001
3014
1355
687
3109
2242
848
1389
2260
2267
3211
2343
875
3304
3308
2518
101
2381
1727
2457
3330
1807
998
3426
2551
3430
225
1841
3529
3389
3465
2741
3619
2745
2749
20
416
3706
2906
1890
3497
3710
2928
373
2866
2798
458
387
603
78
3689
544
3766
3846
3849
2978
491
3125
1415
3217
171
1879
1063
3901
3132
3073
3154
3311
2361
2499
3064
1477
129
1670
3579
3720
3824
3884
3719
512
548
3515
3794
1289
1366
1454
793
3094
3263
1780
1856
1932
3538
3392
3395
417
2697
1111
449
3813
549
3910
631
2998
507
2360
213
1859
206
2495
3539
2820
3627
1024
3679
2102
1354
2177
3135
935
2290
3420
3292
3371
2570
2801
3604
3606
2774
2920
2862
2940
3834
1082
3853
3855
1194
760
3089
1667
577
801
808
2086
1363
2240
1445
2250
3214
870
1551
1806
1750
2626
3502
3431
3432
3433
3434
2494
227
169
3385
3394
181
2670
1008
408
338
426
3585
2939
460
2048
3865
3117
1516
3055
787
3077
117
3192
3272
3275
132
2621
1827
1910
306
308
2730
320
2594
2812
334
3625
2769
2696
3718
363
2859
1123
1055
1202
535
391
3903
3906
2972
3858
759
314
182
279
574
3860
3950
3103
1502
1605
1539
1612
3225
1629
3302
1564
987
125
2482
1904
1767
156
179
1896
3581
3598
68
3749
72
3823
2962
1306
1236
638
499
2279
325
274
1581
3415
3470
1812
1998
2988
2130
2068
1273
670
1361
2330
3422
3357
214
523
3819
3746
602
83
2022
809
2166
1456
1604
1465
1468
1473
1475
1489
2439
1497
2514
2516
3177
122
1744
2548
1902
152
1771
3454
315
1866
2597
1869
3709
2835
1119
479
2898
98
2974
3782
1255
3520
2656
2666
3592
2035
3922
3924
3015
831
1613
2504
2513
1713
984
3401
3262
3673
3674
201
3453
3789
3795
659
3002
3872
668
669
3010
3951
1413
3885
680
3038
3047
2180
2182
854
3134
3075
3224
2351
2285
3235
1631
3090
2511
3241
2512
2440
1572
970
3329
3188
3416
3350
2488
1900
2630
3379
2579
2726
3456
2729
2659
1933
183
3547
3475
2824
3559
2689
1889
2830
3634
2905
3568
3655
3801
3731
1050
2864
1132
1068
3822
3680
2880
3756
99
3915
2970
1232
3127
851
2271
3281
2590
352
1044
3041
2372
3391
3715
3144
2472
3423
1825
3506
31
1323
2475
2419
3449
709
573
2994
2996
3008
806
685
3128
781
1397
1399
2276
1547
1482
2434
2435
1725
1728
988
2610
1811
2479
209
2493
2711
301
187
2679
271
3711
369
57
388
613
84
2963
621
483
1941
3839
2060
409
424
1062
717
3867
3796
725
810
3886
3031
2305
1503
761
767
774
2341
3150
2425
3158
2284
3245
3181
3331
2602
2609
1741
2624
2483
1844
2654
2582
3459
1855
2585
241
2587
3532
1867
1795
1796
255
1891
2768
2844
1105
2938
1058
525
67
3816
80
3902
2027
627
488
1161
632
635
1169
495
1646
2190
1550
2445
1880
27
295
3761
3162
1874
2865
1346
2169
2269
1647
3180
1746
2714
2651
1854
174
191
414
354
430
433
437
3729
463
79
2889
487
564
710
1642
207
217
147
2589
2695
2129
3947
149
3165
504
2999
1410
2295
2809
1317
2051
2151
3042
3043
3048
2255
2345
2286
3161
964
1640
102
119
131
3427
2552
1839
1857
1863
3613
3622
2685
3496
505
3653
444
3804
3590
537
87
3695
2031
2032
639
2900
1484
1076
135
570
662
665
1533
1471
877
3187
1585
1664
3343
263
3562
3716
1114
1150
2964
97
700
2062
3050
885
2569
3563
2839
3851
3857
2075
3544
1401
811
751
1508
3221
958
128
137
3577
2008
77
3830
2897
3854
2069
1423
844
3215
3222
3171
3714
3586
3734
876
445
467
210
2704
892
3572
3130
715
2799
619
711
2458
1662
1598
1824
3931
2992
1330
1335
3021
841
3058
2614
3351
2636
2655
2740
3488
2902
2903
3573
2784
3732
3833
3838
3692
1241
2095
3339
2388
3569
2561
3372
3738
747
1427
2084
1437
1439
840
865
867
882
2362
2446
1679
1822
1755
3531
250
3645
3669
2036
1164
681
1332
2464
1990
2868
3133
3310
3665
3781
1460
1826
343
2876
484
2925
2219
3414
726
3106
2237
2521
2386
3289
3445
331
278
375
3810
540
722
3894
1384
3338
3610
2673
2825
2843
1039
2933
1163
1525
3239
1490
3240
1592
243
1798
612
470
1404
1351
3898
1511
2175
2281
2293
3318
1651
3183
993
997
2620
3518
1791
1003
1006
335
422
1053
75
2885
630
2400
956
1067
2477
2733
547
1153
1383
2810
49
2886
3909
1362
3945
939
1817
1749
3670
1382
1472
1659
124
228
3446
1773
418
2767
283
384
478
640
2298
3276
1669
294
3626
3206
2055
3487
2896
1906
96
1406
2063
3817
1149
1341
2465
2754
3637
2853
746
974
2618
3374
106
1809
1455
705
2715
1758
828
2837
63
1496
1695
1450
1865
3739
2074
1538
3790
3428
3490
2847
2848
2854
2855
3667
3832
3691
2128
1336
2326
2737
3721
2785
2044
2982
2275
1837
1113
1133
881
3345
1720
3912
3808
568
2911
3920
2201
406
2342
1656
626
1421
782
1312
1000
1440
1881
656
56
645
1412
462
121
3648
1893
716
1595
2586
1579
3900
2056
2131
3820
731
1447
2850
3805
1501
1523
1531
103
2778
1056
61
3765
1903
2486
2834
2559
3797
917
200
270
38
3875
1087
1626
3940
3344
2211
2227
2256
1495
992
3291
3442
1853
2164
2179
3141
3313
2753
2786
3049
3632
472
3199
3139
3314
2751
402
3137
576
2631
297
1558
1565
1543
3588
2627
1692
3878
3944
2079
2892
3866
3891
3892
3899
1026
2522
1943
3025
3463
1170
304
2452
2842
3223
1846
1567
136
3378
888
850
545
3803
2593
2760
1696
238
2397
178
2755
2756
3575
3759
3776
2894
3845
298
3647
2727
2061
2317
2185
2187
2509
734
2215
1493
1829
1871
2675
1151
3306
2510
2577
1793
3570
2251
3880
310
925
1870
1901
2578
59
3523
2283
2481
443
3122
2449
452
347
359
2244
1168
2158
1989
397
3777
3474
1575
2691
2191
1561
1743
1426
3611
1313
2350
2556
3775
1144
2934
2981
1622
1636
980
814
146
3367
3368
394
702
2200
744
2246
1458
1486
211
220
1154
1160
1325
652
1504
2197
3149
1549
1574
167
33
3574
2775
389
2945
1071
559
1494
37
1671
2914
3482
2536
3126
2977
114
776
1324
1174
3209
2813
2192
1519
2545
2960
1668
411
600
1098
1814
1864
1369
3151
1038
2923
386
189
3492
3140
598
563
729
730
758
2233
2234
3218
2441
245
1872
264
3636
3495
1898
1116
649
672
682
2307
698
3116
862
2503
895
1570
2557
2705
197
2765
53
526
385
90
567
962
618
2172
120
1928
1930
3580
3757
807
3847
2209
703
3003
967
2814
2823
3486
3642
3335
972
641
1444
1850
3657
1138
3850
2538
2776
1436
769
985
1675
3602
1899
614
108
2576
3542
192
1117
2869
3862
2127
887
2773
712
2831
2358
2466
1849
1121
1181
2562
3205
3056
401
3143
3737
2207
2221
3319
219
3305
212
554
643
755
3419
2632
3888
823
1877
2101
2563
3905
3904
3026
1548
1433
3517
2984
3601
3303
2257
3887
2743
3644
579
756
2235
789
796
3212
3216
2277
3220
1630
977
1652
3407
2608
2484
3294
1852
3621
2821
3493
3641
1115
1118
601
3828
1142
1145
3687
2887
623
644
651
3876
660
664
666
2304
696
1510
1386
859
2332
3136
1553
3166
3312
1718
3321
3322
142
1908
1764
3380
2584
1787
2742
1040
3772
3778
3283
3085
3402
2487
2758
1528
2591
3595
815
3410
2254
2299
834
1520
3333
775
3282
244
864
1420
684
690
1534
3277
2658
3666
3522
3295
3377
2931
557
560
3458
706
2226
1815
2444
3353
3288
3352
398
989
3184
1878
1532
3232
3848
1886
1770
2592
966
657
2039
749
3818
582
642
2930
3472
130
139
2955
732
3485
1915
2833
3242
3533
3207
1685
1830
3293
3652
757
1107
889
1470
981
2156
679
872
3381
1555
3443
2223
3237
2783
3762
3631
3603
3800
572
2213
2217
3202
975
3376
311
874
1905
3027
2258
2623
3236
396
868
1002
3413
878
3233
226
827
584
1820
2811
607
1514
701
2214
763
3229
820
884
3337
138
530
1070
3460
3123
3228
3651
133
3346
3290
1709
3119
1832
1139
2480
2309
3084
3609
2218
3748
624
439
1434
1868
3057
404
791
853
3373
591
1315
2438
3323
127
3382
1843
2198
821
2703
2543
2845
2777
3607
2895
1842
2909
1360
3336
